520,770
530,780
540,790
550,800
560,810
570,820
580,830
590,840
600,850
610,860
620,870
630,880
640,890
650,900
660,910
670,920
680,930
690,940
700,950
710,960
720,970
730,980
740,990
750,1000
760,1010
770,1020
780,1030
790,1040
800,1050
810,1060
820,1070
830,1080
840,1090
850,1100
860,1110
870,1120
880,1130
890,1140
900,1150
910,1160
920,1170
930,1180
940,1190
950,1200
960,1210
970,1220
980,1230
990,1240
1000,1250
1010,1260
1020,1270
1030,1280
1040,1290
1050,1300
1060,1310
1070,1320
1080,1330
1090,1340
1100,1350
1110,1360
1120,1370
1130,1380
1140,1390
1150,1400
1160,1410
1170,1420
1180,1430
1190,1440
1200,1450
1210,1460
1220,1470
1230,1480
1240,1490
1250,1500
1260,1510
1270,1520
1280,1530
1290,1540
1300,1550
1310,1560
1320,1570
1330,1580
1340,1590
1350,1600
1360,1610
1370,1620
1380,1630
1390,1640
1400,1650
1410,1660
1420,1670
1430,1680
1440,1690
1450,1700
1460,1710
1470,1720
1480,1730
1490,1740
1500,1750
1510,1760
1520,1770
1530,1780
1540,1790
1550,1800
1560,1810
1570,1820
1580,1830
1590,1840
1600,1850
1610,1860
1620,1870
1630,1880
1640,1890
1650,1900
1660,1910
1670,1920
1680,1930
1690,1940
1700,1950
1710,1960
1720,1970
1730,1980
1740,1990
1750,2000
1760,2010
1770,2020
1780,2030
1790,2040
1800,2050
1810,2060
1820,2070
1830,2080
1840,2090
1850,2100
1860,2110
1870,2120
1880,2130
1890,2140
1900,2150
1910,2160
1920,2170
1930,2180
1940,2190
1950,2200
1960,2210
1970,2220
1980,2230
1990,2240
2000,2250
2010,2260
2020,2270
2030,2280
2040,2290
2050,2300
2060,2310
2070,2320
2080,2330
2090,2340
2100,2350
2110,2360
2120,2370
2130,2380
2140,2390
2150,2400
2160,2410
2170,2420
2180,2430
2190,2440
2200,2450
2210,2460
2220,2470
2230,2480
2240,2490
2250,2500
2260,2510
2270,2520
2280,2530
2290,2540
2300,2550
2310,2560
2320,2570
2330,2580
2340,2590
2350,2600
2360,2610
2370,2620
2380,2630
2390,2640
2400,2650
2410,2660
2420,2670
2430,2680
2440,2690
2450,2700
2460,2710
2470,2720
2480,2730
2490,2740
2500,2750
2510,2760
2520,2770
2530,2780
2540,2790
2550,2800
2560,2810
2570,2820
2580,2830
2590,2840
2600,2850
2610,2860
2620,2870
2630,2880
2640,2890
2650,2900
2660,2910
2670,2920
2680,2930
2690,2940
2700,2950
2710,2960
2720,2970
2730,2980
2740,2990
2750,3000
2760,3010
2770,3020
2780,3030
2790,3040
2800,3050
2810,3060
2820,3070
2830,3080
2840,3090
2850,3100
2860,3110
2870,3120
2880,3130
2890,3140
2900,3150
2910,3160
2920,3170
2930,3180
2940,3190
2950,3200
2960,3210
2970,3220
2980,3230
2990,3240
3000,3250
3010,3260
3020,3270
3030,3280
3040,3290
3050,3300
3060,3310
3070,3320
3080,3330
3090,3340
3100,3350
3110,3360
3120,3370
3130,3380
3140,3390
3150,3400
3160,3410
3170,3420
3180,3430
3190,3440
3200,3450
3210,3460
3220,3470
3230,3480
3240,3490
3250,3500
3260,3510
3270,3520
3280,3530
3290,3540
3300,3550
3310,3560
3320,3570
3330,3580
3340,3590
3350,3600
3360,3610
3370,3620
3380,3630
3390,3640
3400,3650
3410,3660
3420,3670
3430,3680
3440,3690
3450,3700
3460,3710
3470,3720
3480,3730
3490,3740
3500,3750
3510,3760
3520,3770
3530,3780
3540,3790
3550,3800
3560,3810
3570,3820
3580,3830
3590,3840
3600,3850
3610,3860
3620,3870
3630,3880
3640,3890
3650,3900
3660,3910
3670,3920
3680,3930
3690,3940
3700,3950
3710,3960
3720,3970
3730,3980
3740,3990
3750,4000
3760,4010
3770,4020
3780,4030
3790,4040
3800,4050
3810,4060
3820,4070
3830,4080
3840,4090
3850,4100
3860,4110
3870,4120
3880,4130
3890,4140
3900,4150
3910,4160
3920,4170
3930,4180
3940,4190
3950,4200
3960,4210
3970,4220
3980,4230
3990,4240
4000,4250
4010,4260
4020,4270
4030,4280
4040,4290
4050,4300
4060,4310
4070,4320
4080,4330
4090,4340
4100,4350
4110,4360
4120,4370
4130,4380
4140,4390
4150,4400
4160,4410
4170,4420
4180,4430
4190,4440
4200,4450
4210,4460
4220,4470
4230,4480
4240,4490
4250,4500
4260,4510
4270,4520
4280,4530
4290,4540
4300,4550
4310,4560
4320,4570
4330,4580
4340,4590
4350,4600
4360,4610
4370,4620
4380,4630
4390,4640
4400,4650
4410,4660
4420,4670
4430,4680
4440,4690
4450,4700
4460,4710
4470,4720
4480,4730
4490,4740
4500,4750
4510,4760
4520,4770
4530,4780
4540,4790
4550,4800
4560,4810
4570,4820
4580,4830
4590,4840
4600,4850
4610,4860
4620,4870
4630,4880
4640,4890
4650,4900
4660,4910
4670,4920
4680,4930
4690,4940
4700,4950
4710,4960
4720,4970
4730,4980
4740,4990
4750,5000
4760,5010
4770,5020
4780,5030
4790,5040
4800,5050
4810,5060
4820,5070
4830,5080
4840,5090
4850,5100
4860,5110
4870,5120
4880,5130
4890,5140
4900,5150
4910,5160
4920,5170
4930,5180
4940,5190
4950,5200
4960,5210
4970,5220
4980,5230
4990,5240
5000,5250
5010,5260
5020,5270
5030,5280
5040,5290
5050,5300
5060,5310
5070,5320
5080,5330
5090,5340
5100,5350
5110,5360
5120,5370
5130,5380
5140,5390
5150,5400
5160,5410
5170,5420
5180,5430
5190,5440
5200,5450
5210,5460
5220,5470
5230,5480
5240,5490
5250,5500
5260,5510
5270,5520
5280,5530
5290,5540
5300,5550
5310,5560
5320,5570
5330,5580
5340,5590
5350,5600
5360,5610
5370,5620
5380,5630
5390,5640
5400,5650
5410,5660
5420,5670
5430,5680
5440,5690
5450,5700
5460,5710
5470,5720
5480,5730
5490,5740
5500,5750
5510,5760
5520,5770
5530,5780
5540,5790
5550,5800
5560,5810
5570,5820
5580,5830
5590,5840
5600,5850
5610,5860
5620,5870
5630,5880
5640,5890
5650,5900
5660,5910
5670,5920
5680,5930
5690,5940
5700,5950
5710,5960
5720,5970
5730,5980
5740,5990
5750,6000
5760,6010
5770,6020
5780,6030
5790,6040
5800,6050
5810,6060
5820,6070
5830,6080
5840,6090
5850,6100
5860,6110
5870,6120
5880,6130
5890,6140
5900,6150
5910,6160
5920,6170
5930,6180
5940,6190
5950,6200
5960,6210
5970,6220
5980,6230
5990,6240
6000,6250
6010,6260
6020,6270
6030,6280
6040,6290
6050,6300
6060,6310
6070,6320
6080,6330
6090,6340
6100,6350
6110,6360
6120,6370
6130,6380
6140,6390
6150,6400
6160,6410
6170,6420
6180,6430
6190,6440
6200,6450
6210,6460
6220,6470
6230,6480
6240,6490
6250,6500
6260,6510
6270,6520
6280,6530
6290,6540
6300,6550
6310,6560
6320,6570
6330,6580
6340,6590
6350,6600
6360,6610
6370,6620
6380,6630
6390,6640
6400,6650
6410,6660
6420,6670
6430,6680
6440,6690
6450,6700
6460,6710
6470,6720
6480,6730
6490,6740
6500,6750
6510,6760
6520,6770
6530,6780
6540,6790
6550,6800
6560,6810
6570,6820
6580,6830
6590,6840
6600,6850
6610,6860
6620,6870
6630,6880
6640,6890
6650,6900
6660,6910
6670,6920
6680,6930
6690,6940
6700,6950
6710,6960
6720,6970
6730,6980
6740,6990
6750,7000
6760,7010
6770,7020
6780,7030
6790,7040
6800,7050
6810,7060
6820,7070
6830,7080
6840,7090
6850,7100
6860,7110
6870,7120
6880,7130
6890,7140
6900,7150
6910,7160
6920,7170
6930,7180
6940,7190
6950,7200
6960,7210
6970,7220
6980,7230
6990,7240
7000,7250
7010,7260
7020,7270
7030,7280
7040,7290
7050,7300
7060,7310
7070,7320
7080,7330
7090,7340
7100,7350
7110,7360
7120,7370
7130,7380
7140,7390
7150,7400
7160,7410
7170,7420
7180,7430
7190,7440
7200,7450
7210,7460
7220,7470
7230,7480
7240,7490
7250,7500
7260,7510
7270,7520
7280,7530
7290,7540
7300,7550
7310,7560
7320,7570
7330,7580
7340,7590
7350,7600
7360,7610
7370,7620
7380,7630
7390,7640
7400,7650
7410,7660
7420,7670
7430,7680
7440,7690
7450,7700
7460,7710
7470,7720
7480,7730
7490,7740
7500,7750
7510,7760
7520,7770
7530,7780
7540,7790
7550,7800
7560,7810
7570,7820
7580,7830
7590,7840
7600,7850
7610,7860
7620,7870
7630,7880
7640,7890
7650,7900
7660,7910
7670,7920
7680,7930
7690,7940
7700,7950
7710,7960
7720,7970
7730,7980
7740,7990
7750,8000
7760,8010
7770,8020
7780,8030
7790,8040
7800,8050
7810,8060
7820,8070
7830,8080
7840,8090
7850,8100
7860,8110
7870,8120
7880,8130
7890,8140
7900,8150
7910,8160
7920,8170
7930,8180
7940,8190
7950,8200
7960,8210
7970,8220
7980,8230
7990,8240
8000,8250
8010,8260
8020,8270
8030,8280
8040,8290
8050,8300
8060,8310
8070,8320
8080,8330
8090,8340
8100,8350
8110,8360
8120,8370
8130,8380
8140,8390
8150,8400
8160,8410
8170,8420
8180,8430
8190,8440
8200,8450
8210,8460
8220,8470
8230,8480
8240,8490
8250,8500
8260,8510
8270,8520
8280,8530
8290,8540
8300,8550
8310,8560
8320,8570
8330,8580
8340,8590
8350,8600
8360,8610
8370,8620
8380,8630
8390,8640
8400,8650
8410,8660
8420,8670
8430,8680
8440,8690
8450,8700
8460,8710
8470,8720
8480,8730
8490,8740
8500,8750
8510,8760
8520,8770
8530,8780
8540,8790
8550,8800
8560,8810
8570,8820
8580,8830
8590,8840
8600,8850
8610,8860
8620,8870
8630,8880
8640,8890
8650,8900
8660,8910
8670,8920
8680,8930
8690,8940
8700,8950
8710,8960
8720,8970
8730,8980
8740,8990
8750,9000
8760,9010
8770,9020
8780,9030
8790,9040
8800,9050
8810,9060
8820,9070
8830,9080
8840,9090
8850,9100
8860,9110
8870,9120
8880,9130
8890,9140
8900,9150
8910,9160
8920,9170
8930,9180
8940,9190
8950,9200
8960,9210
8970,9220
8980,9230
8990,9240
9000,9250
9010,9260
9020,9270
9030,9280
9040,9290
9050,9300
9060,9310
9070,9320
9080,9330
9090,9340
9100,9350
9110,9360
9120,9370
9130,9380
9140,9390
9150,9400
9160,9410
9170,9420
9180,9430
9190,9440
9200,9450
9210,9460
9220,9470
9230,9480
9240,9490
9250,9500
9260,9510
9270,9520
9280,9530
9290,9540
9300,9550
9310,9560
9320,9570
9330,9580
9340,9590
9350,9600
9360,9610
9370,9620
9380,9630
9390,9640
9400,9650
9410,9660
9420,9670
9430,9680
9440,9690
9450,9700
9460,9710
9470,9720
9480,9730
9490,9740
